0.8335713148117065
0.8175385594367981
0.6093799471855164
0.760945737361908
0.7283528447151184
0.7877868413925171
0.7592952251434326
0.8300013542175293
0.6475958824157715
0.8385605812072754
0.8315436840057373
0.7666542530059814
0.6810312271118164
0.7952373623847961
0.7693882584571838
0.774259090423584
0.7662338018417358
0.7952373623847961
0.7752507925033569
0.5865117907524109
0.8117864727973938
0.8283694386482239
0.802814245223999
0.8138982057571411
0.7595284581184387
0.7130903601646423
0.8032950162887573
0.8403161764144897
0.822956383228302
0.6217383742332458
0.8518725633621216
0.6607840061187744
0.8704560995101929
0.7994297742843628
0.8288440704345703
0.8242113590240479
0.7820791006088257
0.7239528298377991
0.740067720413208
0.8593626022338867
0.820053219795227
0.8421331644058228
0.4548809826374054
0.7974812388420105
0.8359050750732422
0.8189874887466431
0.7825273275375366
0.8479665517807007
0.8375768661499023
0.7974359393119812
0.8458665609359741
0.8146342635154724
0.8403533697128296
0.7944730520248413
0.7357738614082336
0.7281922101974487
0.8684334754943848
0.7480896711349487
0.6484254002571106
0.8348807096481323
0.8046598434448242
0.6347814202308655
0.797674298286438
0.7899525165557861
0.8393580913543701
0.8122537136077881
0.8019161224365234
0.8432027101516724
0.7932137250900269
0.7119641304016113
0.6292126178741455
0.7014122605323792
0.7392961382865906
0.7485426068305969
0.5976862907409668
0.8467568159103394
0.7956509590148926
0.7573850750923157
0.7744849920272827
0.7972491383552551
0.8138693571090698
0.8194807767868042
0.7335693836212158
0.8230805993080139
0.6487604975700378
0.7524514198303223
0.7377250790596008
0.835930347442627
0.8552287817001343
0.7469567060470581
0.7874166965484619
0.8400418162345886
0.7353044152259827
0.8319476842880249
0.7985484004020691
0.7529296875
0.7705708742141724
0.7852033972740173
0.6072354316711426
0.8046595454216003
0.7216634750366211
0.6189805269241333
0.8091837763786316
0.8077287077903748
0.8222397565841675
0.8555976152420044
0.8169577717781067
0.6181849241256714
0.8153804540634155
0.8360180854797363
0.7443140745162964
0.8029271364212036
0.6161893606185913
0.7307181358337402
0.8095744848251343
0.7694060802459717
0.725557267665863
0.8379687070846558
0.7336226105690002
0.8186252117156982
0.8334298133850098
0.4627523720264435
0.6562159061431885
0.651328980922699
0.706915557384491
0.8626397848129272
0.5981146097183228
0.8690340518951416
0.8403138518333435
0.8508012890815735
0.8656063079833984
0.7801924347877502
0.7344179153442383
0.8250014185905457
0.6776827573776245
0.7507476806640625
0.7107900381088257
0.848286509513855
0.8586037755012512
0.7534064650535583
0.7611494064331055
0.8456465005874634
0.8008508682250977
0.8604469299316406
0.8582856059074402
0.8262288570404053
0.7341691255569458
0.7642853260040283
0.8680729269981384
0.8497912883758545
