0.8335713148117065
0.8018859624862671
0.5668309926986694
0.760945737361908
0.7889779806137085
0.7768043875694275
0.7592952251434326
0.8300013542175293
0.6794121861457825
0.8309949636459351
0.8315436840057373
0.773911714553833
0.6710885763168335
0.7952373623847961
0.7693884372711182
0.7949098944664001
0.7025493383407593
0.7952373623847961
0.7844720482826233
0.5352413058280945
0.7123162746429443
0.8283694386482239
0.8325991034507751
0.8052412271499634
0.7777525186538696
0.7130903601646423
0.7927955985069275
0.8403161764144897
0.8056178092956543
0.5523288249969482
0.851872444152832
0.7315080165863037
0.8441263437271118
0.7768567204475403
0.8288440704345703
0.8242113590240479
0.7621802091598511
0.6979879140853882
0.70067298412323
0.8593626022338867
0.8287537097930908
0.7448793053627014
0.42089781165122986
0.7974812388420105
0.8431825041770935
0.822259783744812
0.7768020033836365
0.7930806279182434
0.8375768661499023
0.8087571859359741
0.8458665609359741
0.822087287902832
0.8351990580558777
0.8097511529922485
0.5993590950965881
0.7451744079589844
0.8230632543563843
0.6989993453025818
0.6640213131904602
0.8348807096481323
0.7463669776916504
0.7404897212982178
0.8597042560577393
0.8136612176895142
0.8446181416511536
0.8204113841056824
0.8272103071212769
0.8168972730636597
0.7932137250900269
0.7102043628692627
0.6719777584075928
0.6854175329208374
0.8223720788955688
0.7337081432342529
0.5719925165176392
0.8311722874641418
0.785038948059082
0.7573850750923157
0.6724573969841003
0.8138072490692139
0.8138693571090698
0.8299698829650879
0.7406436204910278
0.8434650897979736
0.7876425981521606
0.7468644976615906
0.7622851133346558
0.820177435874939
0.8253112435340881
0.6905152797698975
0.7763603925704956
0.8402177095413208
0.7439100742340088
0.8319476842880249
0.8328412771224976
0.7566317319869995
0.6906245946884155
0.6995352506637573
0.8120169639587402
0.7993254661560059
0.687082052230835
0.4823833405971527
0.8091837763786316
0.8102402687072754
0.8218622207641602
0.8555976152420044
0.8120484352111816
0.7372199892997742
0.80632483959198
0.7643342018127441
0.8185176253318787
0.801880955696106
0.49935999512672424
0.7307181358337402
0.8143560886383057
0.7456616163253784
0.7144894599914551
0.8489392995834351
0.7220594882965088
0.8062163591384888
0.8334298133850098
0.4924463927745819
0.7025072574615479
0.6000346541404724
0.6910547018051147
0.8626397848129272
0.5981146097183228
0.8690340518951416
0.7509450912475586
0.8500505089759827
0.862236499786377
0.6267808675765991
0.7642902135848999
0.8250014185905457
0.6413271427154541
0.8001590967178345
0.7318714261054993
0.7810732126235962
0.8586037755012512
0.7346587181091309
0.7657637596130371
0.7050983905792236
0.7903243899345398
0.8596699833869934
0.8582856059074402
0.8292340636253357
0.6872338056564331
0.708099365234375
0.7212324142456055
0.8502347469329834
