0.8335713148117065
0.8050534725189209
0.7026230096817017
0.7456623911857605
0.7236455678939819
0.7944340705871582
0.6485441327095032
0.5678623914718628
0.7347881197929382
0.825115442276001
0.821175217628479
0.7666542530059814
0.7339333295822144
0.7952373623847961
0.7363007664680481
0.8197087049484253
0.7136042714118958
0.7952373623847961
0.6810780763626099
0.5529016256332397
0.8117864727973938
0.83610999584198
0.8288360238075256
0.812110185623169
0.7595284581184387
0.7875581979751587
0.7997206449508667
0.8403161764144897
0.8024340271949768
0.7254282236099243
0.8432927131652832
0.7939143180847168
0.8716291785240173
0.7768567204475403
0.8288440704345703
0.8133097290992737
0.8043769001960754
0.7772647738456726
0.734622597694397
0.8640002608299255
0.8070193529129028
0.843509316444397
0.5496070384979248
0.8009862899780273
0.8420106172561646
0.8189875483512878
0.7825270891189575
0.8653889894485474
0.7983287572860718
0.7974359393119812
0.8458665609359741
0.8120115995407104
0.85263991355896
0.8352560997009277
0.7743591070175171
0.8016266822814941
0.8714718818664551
0.7105052471160889
0.673701286315918
0.8306778073310852
0.8046599626541138
0.6952258944511414
0.853821873664856
0.7997767925262451
0.8446181416511536
0.8508023619651794
0.7813147902488708
0.8432027101516724
0.7932137250900269
0.7119641304016113
0.7321306467056274
0.7392891645431519
0.7828502058982849
0.6730865240097046
0.6277896165847778
0.8467568159103394
0.7956509590148926
0.7091625928878784
0.7516002655029297
0.7829194068908691
0.8014163970947266
0.8258091807365417
0.8348363041877747
0.801754355430603
0.5675643682479858
0.6572842597961426
0.7377250790596008
0.8358082175254822
0.8559545278549194
0.6844855546951294
0.8134702444076538
0.8402177095413208
0.7353044152259827
0.8078159093856812
0.8268325924873352
0.7588469386100769
0.7669588327407837
0.765750527381897
0.7915475964546204
0.8046595454216003
0.7552805542945862
0.5028626322746277
0.7413673400878906
0.8102592825889587
0.8199228048324585
0.8589071035385132
0.8080077767372131
0.7841857671737671
0.80632483959198
0.8311244249343872
0.7717665433883667
0.8029271364212036
0.698992133140564
0.7613967657089233
0.8095744848251343
0.7791141867637634
0.7900022268295288
0.8415789604187012
0.7852168083190918
0.8134162425994873
0.8234795331954956
0.4804352819919586
0.8111756443977356
0.6575188636779785
0.701745867729187
0.8621993064880371
0.7711358666419983
0.8690340518951416
0.8497812151908875
0.8430910110473633
0.8677430152893066
0.7248760461807251
0.7578230500221252
0.8250014185905457
0.7590348720550537
0.7507476806640625
0.7595238089561462
0.843414306640625
0.857599675655365
0.7311538457870483
0.8266993761062622
0.7930142879486084
0.8131359815597534
0.8561688661575317
0.8582856059074402
0.8201302289962769
0.7341691255569458
0.7103341817855835
0.8680729269981384
0.853609561920166
